[(10, 10, 30, 4, 100), (10, 10, 30, 4, 1000), (100, 100, 400, 4, 100), (100, 100, 400, 4, 1000), (100, 100, 400, 4, 10000), (100, 100, 400, 8, 10000), (100, 100, 700, 4, 1000), (1000, 1000, 300000, 4, 1000), (1000, 1000, 300000, 8, 1000), (1000, 1000, 600000, 4, 1000), (1000, 1000, 600000, 8, 1000)] 
 [0.0, 0.0, 0.0, 0.0, 0.05, 0.12708333333333333, 0.18214285714285713, 4.7453125, 11.33611111111111, 23.64875, 38.798863636363635] 
 
[(100, 100, 400, 0, 1000, 'dla_single_thread'), (100, 100, 400, 4, 1000, 'dla_pthread'), (100, 100, 400, 4, 1000, 'dla_openmp'), (100, 100, 400, 8, 1000, 'dla_pthread'), (100, 100, 400, 8, 1000, 'dla_openmp'), (100, 100, 400, 16, 1000, 'dla_pthread'), (100, 100, 400, 16, 1000, 'dla_openmp'), (100, 100, 700, 0, 1000, 'dla_single_thread'), (100, 100, 700, 4, 1000, 'dla_pthread'), (100, 100, 700, 4, 1000, 'dla_openmp'), (100, 100, 700, 8, 1000, 'dla_pthread'), (100, 100, 700, 8, 1000, 'dla_openmp'), (100, 100, 700, 16, 1000, 'dla_pthread'), (100, 100, 700, 16, 1000, 'dla_openmp')] 
 [0.04, 0.04, 0.04, 0.02, 0.08, 0.05, 0.11, 0.22, 0.11, 0.15, 0.12, 0.16, 0.13, 0.17] 
 
[(1000, 1000, 300000, 0, 1000, 'dla_single_thread'), (1000, 1000, 300000, 4, 1000, 'dla_pthread'), (1000, 1000, 300000, 4, 1000, 'dla_openmp'), (1000, 1000, 300000, 8, 1000, 'dla_pthread'), (1000, 1000, 300000, 8, 1000, 'dla_openmp'), (1000, 1000, 300000, 16, 1000, 'dla_pthread'), (1000, 1000, 300000, 16, 1000, 'dla_openmp'), (1000, 1000, 600000, 0, 1000, 'dla_single_thread'), (1000, 1000, 600000, 4, 1000, 'dla_pthread'), (1000, 1000, 600000, 4, 1000, 'dla_openmp'), (1000, 1000, 600000, 8, 1000, 'dla_pthread'), (1000, 1000, 600000, 8, 1000, 'dla_openmp'), (1000, 1000, 600000, 16, 1000, 'dla_pthread'), (1000, 1000, 600000, 16, 1000, 'dla_openmp')] 
 [73.95, 118.72, 148.87, 113.53, 141.57, 125.68, 147.69, 328.45, 209.75, 238.57, 238.93, 270.59, 270.77, 300.42] 
 
[(1000, 1000, 300000, 0, 1000, 'dla_single_thread'), (1000, 1000, 300000, 4, 1000, 'dla_pthread'), (1000, 1000, 300000, 4, 1000, 'dla_openmp'), (1000, 1000, 300000, 8, 1000, 'dla_pthread'), (1000, 1000, 300000, 8, 1000, 'dla_openmp'), (1000, 1000, 300000, 16, 1000, 'dla_pthread'), (1000, 1000, 300000, 16, 1000, 'dla_openmp')] 
 [32.13, 44.46, 56.71, 37.54, 46.55, 38.16, 45.13] 
 
[(1000, 1000, 700000, 0, 1000, 'dla_single_thread'), (1000, 1000, 700000, 4, 1000, 'dla_pthread'), (1000, 1000, 700000, 4, 1000, 'dla_openmp'), (1000, 1000, 700000, 8, 1000, 'dla_pthread'), (1000, 1000, 700000, 8, 1000, 'dla_openmp'), (1000, 1000, 700000, 16, 1000, 'dla_pthread'), (1000, 1000, 700000, 16, 1000, 'dla_openmp')] 
 [62.55, 88.27, 112.7, 75.74, 93.87, 77.68, 91.72] 
 
