65.000000
66.250000
67.000000
66.250000
69.000000
84.000000
64.250000
67.750000
67.000000
64.500000
32.875000
33.000000
<<<<<<< HEAD
42.000000
1.000000
9.500000
13.687500
28.125000
6.875000
4.604167
3.546875
3.515625
17.125000
13.937500
14.187500
28.863240
29.020345
33.681799
33.828566
=======
32.250000
33.250000
32.250000
32.875000
32.750000
32.500000
32.875000
40.000000
16.625000
17.125000
20.375000
19.625000
19.875000
19.625000
20.437500
20.062500
19.250000
19.812500
>>>>>>> 909873870863b80772c6211b7d38f106c6894171
